首頁
 
藝術節及活動
 
旗艦館
 
公告
 
服務據點
 協助中心
搜尋 OPENTIX
選位遇到困難嗎？ 請點選「？」了解如何操作選位。
不再顯示 查看說明
舞台
1E
1D
1C
1B
1A
2A
2B
2C
2D
2E
1E
1E
1D
1E
1D
1C
1E
1D
1C
1B
1E
1D
1C
1B
1A
2A
2A
2B
2A
2B
2C
2A
2B
2C
2D
2A
2B
2C
2D
2E
輪椅席
輪椅席
輪椅席
輪椅席
輪陪席
輪陪席
輪陪席
輪陪席
輪陪席
輪椅席
2樓
3樓
4樓
輪椅席
輪椅席
輪陪席
輪陪席
輪椅席
輪陪席
輪陪席
輪陪席
友陪席
友善席
友陪席
友善席
友陪席
友善席
友善席
友陪席
友善席
友陪席
友善席
友陪席
21
19
17
15
13
11
9
7
5
3
1
1
2
4
6
8
10
12
14
16
18
20
1
19
17
15
13
11
9
7
5
3
1
2
2
4
6
8
10
12
14
16
18
20
2
21
19
17
15
13
11
9
7
5
3
1
3
2
4
6
8
10
12
14
16
18
20
3
19
17
15
13
11
9
7
5
3
1
4
2
4
6
8
10
12
14
16
18
20
4
21
19
17
15
13
11
9
7
5
3
1
5
2
4
6
8
10
12
14
16
18
20
5
19
17
15
13
11
9
7
5
3
1
6
2
4
6
8
10
12
14
16
18
20
6
21
19
17
15
13
11
9
7
5
3
1
7
2
4
6
8
10
12
14
16
18
20
7
19
17
15
13
11
9
7
5
3
1
8
2
4
6
8
10
12
14
16
18
20
8
21
19
17
15
13
11
9
7
5
3
1
9
2
4
6
8
10
12
14
16
18
20
9
19
17
15
13
11
9
7
5
3
1
10
2
4
6
8
10
12
14
16
18
20
10
21
19
17
15
13
11
9
7
5
3
1
11
2
4
6
8
10
12
14
16
18
20
11
19
17
15
13
11
9
7
5
3
1
12
2
4
6
8
10
12
14
16
18
20
12
21
19
17
15
13
11
9
7
5
3
1
13
2
4
6
8
10
12
14
16
18
20
13
19
17
15
13
11
9
7
5
3
1
14
2
4
6
8
10
12
14
16
18
20
14
21
19
17
15
13
11
9
7
5
3
1
15
2
4
6
8
10
12
14
16
18
20
15
19
17
15
13
11
9
7
5
3
1
16
2
4
6
8
10
12
14
16
18
20
16
21
19
17
15
13
11
9
7
5
3
1
17
2
4
6
8
10
12
14
16
18
20
17
19
17
15
13
11
9
7
5
3
1
18
2
4
6
8
10
12
14
16
18
20
18
21
19
17
15
13
11
9
7
5
3
1
19
2
4
6
8
10
12
14
16
18
20
19
19
17
15
13
11
9
7
5
3
1
20
2
4
6
8
10
12
14
16
18
20
20
21
19
17
15
13
11
9
7
5
3
1
21
2
4
6
8
10
12
14
16
18
20
21
19
17
15
13
11
9
7
5
3
1
22
2
4
6
8
10
12
14
16
18
20
22
21
19
17
15
13
11
9
7
5
3
1
23
2
4
6
8
10
12
14
16
18
20
23
19
17
15
13
11
9
7
5
3
1
24
2
4
6
8
10
12
14
16
18
20
24
21
19
17
15
13
11
9
7
5
3
1
25
2
4
6
8
10
12
14
16
18
20
25
21
19
17
15
13
11
9
7
5
3
1
27
2
4
6
8
10
12
14
16
18
20
27
19
17
15
13
11
9
7
5
3
1
28
2
4
6
8
10
12
14
16
18
20
28
21
19
17
15
13
11
9
7
5
3
1
29
2
4
6
8
10
12
14
16
18
20
29
19
17
15
13
11
9
7
5
3
1
30
2
4
6
8
10
12
14
16
18
20
30
35
33
31
29
27
25
23
1
35
33
31
29
27
25
23
21
2
37
35
33
31
29
27
25
23
3
37
35
33
31
29
27
25
23
21
4
39
37
35
33
31
29
27
25
23
5
37
35
33
31
29
27
25
23
21
6
39
37
35
33
31
29
27
25
23
7
37
35
33
31
29
27
25
23
21
8
39
37
35
33
31
29
27
25
23
9
39
37
35
33
31
29
27
25
23
11
37
35
33
31
29
27
25
23
21
12
39
37
35
33
31
29
27
25
23
13
37
35
33
31
29
27
25
23
21
14
39
37
35
33
31
29
27
25
23
15
37
35
33
31
29
27
25
23
21
16
39
37
35
33
31
29
27
25
23
17
37
35
33
31
29
27
25
23
21
18
39
37
35
33
31
29
27
25
23
19
37
35
33
31
29
27
25
23
21
20
39
37
35
33
31
29
27
25
23
21
37
35
33
31
29
27
25
23
21
22
39
37
35
33
31
29
27
25
23
23
25
23
25
37
35
33
31
29
27
25
23
21
28
39
37
35
33
31
29
27
25
23
29
37
35
33
31
29
27
25
23
21
30
31
29
27
25
23
21
31
15
32
16
32
22
24
26
28
30
32
34
36
38
4
22
24
26
28
30
32
34
36
38
5
22
24
26
28
30
32
34
1
22
24
26
28
30
32
34
36
2
22
24
26
28
30
32
34
36
3
22
24
26
28
30
32
34
36
38
6
22
24
26
28
30
32
34
36
38
7
22
24
26
28
30
32
34
36
38
8
22
24
26
28
30
32
34
36
38
9
22
24
26
28
30
32
34
36
38
11
22
24
26
28
30
32
34
36
38
12
22
24
26
28
30
32
34
36
38
13
22
24
26
28
30
32
34
36
38
14
22
24
26
28
30
32
34
36
38
15
22
24
26
28
30
32
34
36
38
16
22
24
26
28
30
32
34
36
38
17
22
24
26
28
30
32
34
36
38
18
22
24
26
28
30
32
34
36
38
19
22
24
26
28
30
32
34
36
38
20
22
24
26
28
30
32
34
36
38
21
22
24
26
28
30
32
34
36
38
22
22
24
26
28
30
32
34
36
38
23
22
24
26
28
30
32
34
36
38
28
22
24
26
28
30
32
34
36
38
29
22
24
26
28
30
32
34
36
38
30
22
24
25
26
28
30
32
20
22
24
26
28
30
31
17
15
13
11
9
7
5
3
1
4
2
4
6
8
10
12
14
16
18
4
17
15
13
11
9
7
5
3
1
5
2
4
6
8
10
12
14
16
5
17
15
13
11
9
7
5
3
1
6
2
4
6
8
10
12
14
16
18
6
17
15
13
11
9
7
5
3
1
7
2
4
6
8
10
12
14
16
7
7
5
3
1
8
2
4
6
8
8
5
3
1
VA
2
4
6
VA
5
3
1
VB
2
4
6
VB
10
12
14
8
13
11
9
8
9
7
VA
8
10
VA
8
10
VB
9
7
VB
41
39
37
35
33
31
29
27
25
23
21
19
4
41
39
37
35
33
31
29
27
25
23
21
19
5
41
39
37
35
33
31
29
27
25
23
21
19
6
41
39
37
35
33
31
29
27
25
23
21
19
7
23
21
19
17
15
13
11
9
7
5
3
1
9
33
31
29
27
25
23
21
19
17
15
8
23
21
19
17
15
13
11
9
7
5
3
1
10
27
25
31
29
27
25
23
21
19
17
15
13
11
9
7
5
3
1
11
9
7
5
3
1
1
9
7
5
3
1
2
9
7
5
3
1
3
20
22
24
26
28
30
32
34
36
38
40
42
4
18
20
22
24
26
28
30
32
34
36
38
40
5
20
22
24
26
28
30
32
34
36
38
40
42
6
18
20
22
24
26
28
30
32
34
36
38
40
7
16
18
20
22
24
26
28
30
32
34
8
2
4
6
8
10
12
14
16
18
20
22
24
26
28
30
32
11
2
4
6
8
10
12
14
16
18
20
22
24
9
2
4
6
8
10
12
14
16
18
20
22
24
10
26
28
17
15
13
11
9
7
5
3
1
5
2
4
6
8
10
12
14
16
18
5
17
15
13
11
9
7
5
3
1
6
2
4
6
8
10
12
14
16
6
17
15
13
11
9
7
5
3
1
7
2
4
6
8
10
12
14
16
18
7
17
15
13
11
9
7
5
3
1
8
2
4
6
8
10
12
14
16
8
17
15
13
11
9
7
5
3
1
9
2
4
6
8
10
12
14
16
18
9
17
15
13
11
9
7
5
3
1
10
2
4
6
8
10
12
14
16
10
17
15
13
11
9
7
5
3
1
11
2
4
6
8
10
12
14
16
18
11
2
4
6
8
10
12
14
16
18
12
19
17
15
13
11
9
7
5
3
1
12
49
47
45
43
41
39
37
35
33
31
29
27
25
23
21
12
35
33
31
29
27
25
23
21
19
11
35
33
31
29
27
25
23
21
19
10
35
33
31
29
27
25
23
21
19
9
33
31
29
27
25
23
21
19
8
11
9
7
5
3
1
4
11
9
7
5
3
1
3
9
7
5
3
1
2
7
5
3
1
1
20
22
24
26
28
30
32
34
36
38
40
42
44
46
48
12
20
22
24
26
28
30
32
34
36
11
18
20
22
24
26
28
30
32
34
10
20
22
24
26
28
30
32
34
36
9
18
20
22
24
26
28
30
32
8
20
22
24
26
28
30
32
34
36
38
40
42
7
18
20
22
24
26
28
30
32
34
36
38
40
6
20
22
24
26
28
30
32
34
36
38
40
5
2
4
6
8
10
12
4
2
4
6
8
10
12
3
2
4
6
8
1
2
4
6
8
10
2
2
4
6
8
10
3
2
4
6
8
10
2
2
4
6
8
10
1
41
39
37
35
33
31
29
27
25
23
21
19
7
41
39
37
35
33
31
29
27
25
23
21
19
6
39
37
35
33
31
29
27
25
23
21
19
5
1
3
5
7
9
11
13
15
17
19
21
23
25
27
29
31
33
35
1
3
5
7
9
11
13
15
17
1
3
5
7
9
11
13
15
17
1
3
5
7
9
1
3
5
7
9
11
13
15
17
19
21
1
3
5
7
9
11
13
15
17
1
3
5
7
9
11
13
15
17
1
3
5
7
9
11
13
15
17
19
21
23
25
27
29
2
4
6
8
10
12
14
16
18
20
22
24
26
28
30
32
34
36
2
4
6
8
10
12
14
16
18
2
4
6
8
10
12
14
16
18
2
4
6
8
10
2
4
6
8
10
12
14
16
18
20
22
2
4
6
8
10
12
14
16
18
2
4
6
8
10
12
14
16
18
2
4
6
8
10
12
14
16
18
20
22
24
26
28
30
35
33
32
34
36
32
33
31
29
27
37
35
33
31
29
27
25
39
23
27
21
19
31
29
27
25
23
11
9
7
5
3
1
13
2
4
6
8
10
12
14
20
22
24
26
28
30
32
22
27
24
26
28
30
32
34
36
38
35
37
33
31
29
27
25
23
21
10
19
26
17
15
13
11
9
7
5
3
1
13
31
11
9
7
5
3
1
18
20
26
2
4
6
8
10
12
31
2
4
6
8
10
12
14
16
22
24
26
28
30
32
34
10
38
36
力晶2026藝文饗宴-阿格麗希音樂節在台灣-台北場
國家音樂廳
前往電腦配位
2026/11/12 (四) 19:30
票區一覽
 8800元區 ＄8,800
 6800元區 ＄6,800
 5800元區 ＄5,800
 多元友善席：移動式扶手椅 ＄5,800 此為多元友善席，請優先禮讓有需求觀眾購買
 多元友善陪同席 ＄5,800 購買多元友善陪同席，請先選購多元友善席
 輪椅席 ＄5,800 此座位為輪椅席，僅限自備輪椅之觀眾購買。
 輪椅陪同席 ＄5,800 購買輪椅陪同席座位，請先選購輪椅席。
 4800元區 ＄4,800
 多元友善席：移動式扶手椅 ＄4,800 此為多元友善席，請優先禮讓有需求觀眾購買
 多元友善陪同席 ＄4,800 購買多元友善陪同席，請先選購多元友善席
 4200元區 ＄4,200
 視線受阻區 ＄4,200 前方輪椅席若有人使用，可能擋住部分視線
 3800元區 ＄3,800
 多元友善席：移動式扶手椅 ＄3,800 此為多元友善席，請優先禮讓有需求觀眾購買
 多元友善陪同席 ＄3,800 購買多元友善陪同席，請先選購多元友善席
 輪椅席 ＄3,800 此座位為輪椅席，僅限自備輪椅之觀眾購買。
 輪椅陪同席 ＄3,800 購買輪椅陪同席座位，請先選購輪椅席。
 3000元區 ＄3,000
 2400元區 ＄2,400
 1800元區 ＄1,800
 青年席位300元（原價1800） ＄1,800
 1200元區 ＄1,200
圖面僅供選位參考，灰色為不可選
檢視清單
加入購物車
直接購買
OPENTIX將運用Cookie來提供個人化的內容、提昇使用體驗，也希望能提供更安全的消費環境。若你瀏覽本網站即表示你同意我們使用Cookie。閱讀我們的隱私權政策了解更多。
同意